EN ENTRÉE :
---------------------------------------------------------------------

[4, 1, 5, 10, 1, -9, 8, 7, 4, 1, 33, 13, -8, -9, 2]

EN SORTIE :
---------------------------------------------------------------------
Etape  1  :  [1, 4, 5, 1, -9, 8, 7, 4, 1, 10, 13, -8, -9, 2, 33]
Etape  2  :  [1, 4, 1, -9, 5, 7, 4, 1, 8, 10, -8, -9, 2, 13, 33]
Etape  3  :  [1, 1, -9, 4, 5, 4, 1, 7, 8, -8, -9, 2, 10, 13, 33]
Etape  4  :  [1, -9, 1, 4, 4, 1, 5, 7, -8, -9, 2, 8, 10, 13, 33]
Etape  5  :  [-9, 1, 1, 4, 1, 4, 5, -8, -9, 2, 7, 8, 10, 13, 33]
Etape  6  :  [-9, 1, 1, 1, 4, 4, -8, -9, 2, 5, 7, 8, 10, 13, 33]
Etape  7  :  [-9, 1, 1, 1, 4, -8, -9, 2, 4, 5, 7, 8, 10, 13, 33]
Etape  8  :  [-9, 1, 1, 1, -8, -9, 2, 4, 4, 5, 7, 8, 10, 13, 33]
Etape  9  :  [-9, 1, 1, -8, -9, 1, 2, 4, 4, 5, 7, 8, 10, 13, 33]
Etape  10  :  [-9, 1, -8, -9, 1, 1, 2, 4, 4, 5, 7, 8, 10, 13, 33]
Etape  11  :  [-9, -8, -9, 1, 1, 1, 2, 4, 4, 5, 7, 8, 10, 13, 33]
Etape  12  :  [-9, -9, -8, 1, 1, 1, 2, 4, 4, 5, 7, 8, 10, 13, 33]
Etape  13  :  [-9, -9, -8, 1, 1, 1, 2, 4, 4, 5, 7, 8, 10, 13, 33]
Etape  14  :  [-9, -9, -8, 1, 1, 1, 2, 4, 4, 5, 7, 8, 10, 13, 33]
[-9, -9, -8, 1, 1, 1, 2, 4, 4, 5, 7, 8, 10, 13, 33]


---------------------------------------------------------------------
---------------------------------------------------------------------
---------------------------------------------------------------------

EN ENTRÉE :
---------------------------------------------------------------------
[45, 222, 20, -85, 45, 54, 1, 456, 22, 1, 3, 20, -9, -1]

EN SORTIE :
---------------------------------------------------------------------

Etape  1  :  [45, 20, -85, 45, 54, 1, 222, 22, 1, 3, 20, -9, -1, 456]
Etape  2  :  [20, -85, 45, 45, 1, 54, 22, 1, 3, 20, -9, -1, 222, 456]
Etape  3  :  [-85, 20, 45, 1, 45, 22, 1, 3, 20, -9, -1, 54, 222, 456]
Etape  4  :  [-85, 20, 1, 45, 22, 1, 3, 20, -9, -1, 45, 54, 222, 456]
Etape  5  :  [-85, 1, 20, 22, 1, 3, 20, -9, -1, 45, 45, 54, 222, 456]
Etape  6  :  [-85, 1, 20, 1, 3, 20, -9, -1, 22, 45, 45, 54, 222, 456]
Etape  7  :  [-85, 1, 1, 3, 20, -9, -1, 20, 22, 45, 45, 54, 222, 456]
Etape  8  :  [-85, 1, 1, 3, -9, -1, 20, 20, 22, 45, 45, 54, 222, 456]
Etape  9  :  [-85, 1, 1, -9, -1, 3, 20, 20, 22, 45, 45, 54, 222, 456]
Etape  10  :  [-85, 1, -9, -1, 1, 3, 20, 20, 22, 45, 45, 54, 222, 456]
Etape  11  :  [-85, -9, -1, 1, 1, 3, 20, 20, 22, 45, 45, 54, 222, 456]
Etape  12  :  [-85, -9, -1, 1, 1, 3, 20, 20, 22, 45, 45, 54, 222, 456]
Etape  13  :  [-85, -9, -1, 1, 1, 3, 20, 20, 22, 45, 45, 54, 222, 456]
[-85, -9, -1, 1, 1, 3, 20, 20, 22, 45, 45, 54, 222, 456]
