 #Exemple d’exécution : Tri insertion
#exemple 1 :
start list 
[3, 19, 19, 17, 15, 7, 1, 6, 4, 16]
 check the list if it is sorted
False
Etape  1  :  [3, 19, 19, 17, 15, 7, 1, 6, 4, 16]
Etape  2  :  [3, 19, 19, 17, 15, 7, 1, 6, 4, 16]
Etape  3  :  [3, 17, 19, 19, 15, 7, 1, 6, 4, 16]
Etape  4  :  [3, 15, 17, 19, 19, 7, 1, 6, 4, 16]
Etape  5  :  [3, 7, 15, 17, 19, 19, 1, 6, 4, 16]
Etape  6 :  [1, 3, 7, 15, 17, 19, 19, 6, 4, 16]
Etape  7 :  [1, 3, 6, 7, 15, 17, 19, 19, 4, 16]
Etape  8  :  [1, 3, 4, 6, 7, 15, 17, 19, 19, 16]
Etape  9  :  [1, 3, 4, 6, 7, 15, 16, 17, 19, 19]
 list sort
[1, 3, 4, 6, 7, 15, 16, 17, 19, 19]
the time taken by sorting
0.0021371841430664062

#exemple 2 :
start list 
[1, 9, 6, 20, 12, 18, 5, 17, 7, 14, 0, 13, 5, 2, 17, 8, 2, 2, 6, 18]
 check the list if it is sorted
False
Etape  1  :  [1, 9, 6, 20, 12, 18, 5, 17, 7, 14, 0, 13, 5, 2, 17, 8, 2, 2, 6, 18]
Etape  2  :  [1, 6, 9, 20, 12, 18, 5, 17, 7, 14, 0, 13, 5, 2, 17, 8, 2, 2, 6, 18]
Etape  3  :  [1, 6, 9, 20, 12, 18, 5, 17, 7, 14, 0, 13, 5, 2, 17, 8, 2, 2, 6, 18]
Etape  4 :  [1, 6, 9, 12, 20, 18, 5, 17, 7, 14, 0, 13, 5, 2, 17, 8, 2, 2, 6, 18]
Etape  5 :  [1, 6, 9, 12, 18, 20, 5, 17, 7, 14, 0, 13, 5, 2, 17, 8, 2, 2, 6, 18]
Etape  6  :  [1, 5, 6, 9, 12, 18, 20, 17, 7, 14, 0, 13, 5, 2, 17, 8, 2, 2, 6, 18]
Etape  7  :  [1, 5, 6, 9, 12, 17, 18, 20, 7, 14, 0, 13, 5, 2, 17, 8, 2, 2, 6, 18]
Etape  8  :  [1, 5, 6, 7, 9, 12, 17, 18, 20, 14, 0, 13, 5, 2, 17, 8, 2, 2, 6, 18]
Etape  9  :  [1, 5, 6, 7, 9, 12, 14, 17, 18, 20, 0, 13, 5, 2, 17, 8, 2, 2, 6, 18]
Etape  10  :  [0, 1, 5, 6, 7, 9, 12, 14, 17, 18, 20, 13, 5, 2, 17, 8, 2, 2, 6, 18]
Etape  11  :  [0, 1, 5, 6, 7, 9, 12, 13, 14, 17, 18, 20, 5, 2, 17, 8, 2, 2, 6, 18]
Etape  12  :  [0, 1, 5, 5, 6, 7, 9, 12, 13, 14, 17, 18, 20, 2, 17, 8, 2, 2, 6, 18]
Etape  13 :  [0, 1, 2, 5, 5, 6, 7, 9, 12, 13, 14, 17, 18, 20, 17, 8, 2, 2, 6, 18]
Etape  14  :  [0, 1, 2, 5, 5, 6, 7, 9, 12, 13, 14, 17, 17, 18, 20, 8, 2, 2, 6, 18]
Etape  15  :  [0, 1, 2, 5, 5, 6, 7, 8, 9, 12, 13, 14, 17, 17, 18, 20, 2, 2, 6, 18]
Etape  16 :  [0, 1, 2, 2, 5, 5, 6, 7, 8, 9, 12, 13, 14, 17, 17, 18, 20, 2, 6, 18]
Etape  17 :  [0, 1, 2, 2, 2, 5, 5, 6, 7, 8, 9, 12, 13, 14, 17, 17, 18, 20, 6, 18]
Etape  18 :  [0, 1, 2, 2, 2, 5, 5, 6, 6, 7, 8, 9, 12, 13, 14, 17, 17, 18, 20, 18]
Etape  19 :  [0, 1, 2, 2, 2, 5, 5, 6, 6, 7, 8, 9, 12, 13, 14, 17, 17, 18, 18, 20]
 list sort
[0, 1, 2, 2, 2, 5, 5, 6, 6, 7, 8, 9, 12, 13, 14, 17, 17, 18, 18, 20]
the time taken by sorting
0.0031135082244873047





