EN ENTRÉE :
-------------------------------------------------------------------------
[231, 992, 785, 614, 628, 527, 788, 199, 739, 827, 927, 838, 89, 535, 266, 559, 364, 371, 979, 288] 

EN SORTIE :
-------------------------------------------------------------------------
Étape n°1 :                                     [89, 992, 785, 614, 628, 527, 788, 199, 739, 827, 927, 838, 231, 535, 266, 559, 364, 371, 979, 288]
Étape n°2 :                                     [89, 199, 785, 614, 628, 527, 788, 992, 739, 827, 927, 838, 231, 535, 266, 559, 364, 371, 979, 288]
Étape n°3 :                                     [89, 199, 231, 614, 628, 527, 788, 992, 739, 827, 927, 838, 785, 535, 266, 559, 364, 371, 979, 288]
Étape n°4 :                                     [89, 199, 231, 266, 628, 527, 788, 992, 739, 827, 927, 838, 785, 535, 614, 559, 364, 371, 979, 288]
Étape n°5 :                                     [89, 199, 231, 266, 288, 527, 788, 992, 739, 827, 927, 838, 785, 535, 614, 559, 364, 371, 979, 628]
Étape n°6 :                                     [89, 199, 231, 266, 288, 364, 788, 992, 739, 827, 927, 838, 785, 535, 614, 559, 527, 371, 979, 628]
Étape n°7 :                                     [89, 199, 231, 266, 288, 364, 371, 992, 739, 827, 927, 838, 785, 535, 614, 559, 527, 788, 979, 628]
Étape n°8 :                                     [89, 199, 231, 266, 288, 364, 371, 527, 739, 827, 927, 838, 785, 535, 614, 559, 992, 788, 979, 628]
Étape n°9 :                                     [89, 199, 231, 266, 288, 364, 371, 527, 535, 827, 927, 838, 785, 739, 614, 559, 992, 788, 979, 628]
Étape n°10 :                                    [89, 199, 231, 266, 288, 364, 371, 527, 535, 559, 927, 838, 785, 739, 614, 827, 992, 788, 979, 628]
Étape n°11 :                                    [89, 199, 231, 266, 288, 364, 371, 527, 535, 559, 614, 838, 785, 739, 927, 827, 992, 788, 979, 628]
Étape n°12 :                                    [89, 199, 231, 266, 288, 364, 371, 527, 535, 559, 614, 628, 785, 739, 927, 827, 992, 788, 979, 838]
Étape n°13 :                                    [89, 199, 231, 266, 288, 364, 371, 527, 535, 559, 614, 628, 739, 785, 927, 827, 992, 788, 979, 838]
Étape n°14 :                                    [89, 199, 231, 266, 288, 364, 371, 527, 535, 559, 614, 628, 739, 785, 927, 827, 992, 788, 979, 838]
Étape n°15 :                                    [89, 199, 231, 266, 288, 364, 371, 527, 535, 559, 614, 628, 739, 785, 788, 827, 992, 927, 979, 838]
Étape n°16 :                                    [89, 199, 231, 266, 288, 364, 371, 527, 535, 559, 614, 628, 739, 785, 788, 827, 992, 927, 979, 838]
Étape n°17 :                                    [89, 199, 231, 266, 288, 364, 371, 527, 535, 559, 614, 628, 739, 785, 788, 827, 838, 927, 979, 992]
Étape n°18 :                                    [89, 199, 231, 266, 288, 364, 371, 527, 535, 559, 614, 628, 739, 785, 788, 827, 838, 927, 979, 992]
Étape n°19 :                                    [89, 199, 231, 266, 288, 364, 371, 527, 535, 559, 614, 628, 739, 785, 788, 827, 838, 927, 979, 992]
Étape n°20 :                                    [89, 199, 231, 266, 288, 364, 371, 527, 535, 559, 614, 628, 739, 785, 788, 827, 838, 927, 979, 992]
[89, 199, 231, 266, 288, 364, 371, 527, 535, 559, 614, 628, 739, 785, 788, 827, 838, 927, 979, 992]

-------------------------------------------------------------------------
-------------------------------------------------------------------------
-------------------------------------------------------------------------

EN ENTRÉE :
-------------------------------------------------------------------------
[79, 133, 263, 213, 12, 941, 340, 665, 218, 488, 574, 132, 907, 164, 402, 916, 219, 311, 396, 844] 

EN SORTIE :
-------------------------------------------------------------------------
Étape n°1 :                                     [12, 133, 263, 213, 79, 941, 340, 665, 218, 488, 574, 132, 907, 164, 402, 916, 219, 311, 396, 844]
Étape n°2 :                                     [12, 79, 263, 213, 133, 941, 340, 665, 218, 488, 574, 132, 907, 164, 402, 916, 219, 311, 396, 844]
Étape n°3 :                                     [12, 79, 132, 213, 133, 941, 340, 665, 218, 488, 574, 263, 907, 164, 402, 916, 219, 311, 396, 844]
Étape n°4 :                                     [12, 79, 132, 133, 213, 941, 340, 665, 218, 488, 574, 263, 907, 164, 402, 916, 219, 311, 396, 844]
Étape n°5 :                                     [12, 79, 132, 133, 164, 941, 340, 665, 218, 488, 574, 263, 907, 213, 402, 916, 219, 311, 396, 844]
Étape n°6 :                                     [12, 79, 132, 133, 164, 213, 340, 665, 218, 488, 574, 263, 907, 941, 402, 916, 219, 311, 396, 844]
Étape n°7 :                                     [12, 79, 132, 133, 164, 213, 218, 665, 340, 488, 574, 263, 907, 941, 402, 916, 219, 311, 396, 844]
Étape n°8 :                                     [12, 79, 132, 133, 164, 213, 218, 219, 340, 488, 574, 263, 907, 941, 402, 916, 665, 311, 396, 844]
Étape n°9 :                                     [12, 79, 132, 133, 164, 213, 218, 219, 263, 488, 574, 340, 907, 941, 402, 916, 665, 311, 396, 844]
Étape n°10 :                                    [12, 79, 132, 133, 164, 213, 218, 219, 263, 311, 574, 340, 907, 941, 402, 916, 665, 488, 396, 844]
Étape n°11 :                                    [12, 79, 132, 133, 164, 213, 218, 219, 263, 311, 340, 574, 907, 941, 402, 916, 665, 488, 396, 844]
Étape n°12 :                                    [12, 79, 132, 133, 164, 213, 218, 219, 263, 311, 340, 396, 907, 941, 402, 916, 665, 488, 574, 844]
Étape n°13 :                                    [12, 79, 132, 133, 164, 213, 218, 219, 263, 311, 340, 396, 402, 941, 907, 916, 665, 488, 574, 844]
Étape n°14 :                                    [12, 79, 132, 133, 164, 213, 218, 219, 263, 311, 340, 396, 402, 488, 907, 916, 665, 941, 574, 844]
Étape n°15 :                                    [12, 79, 132, 133, 164, 213, 218, 219, 263, 311, 340, 396, 402, 488, 574, 916, 665, 941, 907, 844]
Étape n°16 :                                    [12, 79, 132, 133, 164, 213, 218, 219, 263, 311, 340, 396, 402, 488, 574, 665, 916, 941, 907, 844]
Étape n°17 :                                    [12, 79, 132, 133, 164, 213, 218, 219, 263, 311, 340, 396, 402, 488, 574, 665, 844, 941, 907, 916]
Étape n°18 :                                    [12, 79, 132, 133, 164, 213, 218, 219, 263, 311, 340, 396, 402, 488, 574, 665, 844, 907, 941, 916]
Étape n°19 :                                    [12, 79, 132, 133, 164, 213, 218, 219, 263, 311, 340, 396, 402, 488, 574, 665, 844, 907, 916, 941]
Étape n°20 :                                    [12, 79, 132, 133, 164, 213, 218, 219, 263, 311, 340, 396, 402, 488, 574, 665, 844, 907, 916, 941]
[12, 79, 132, 133, 164, 213, 218, 219, 263, 311, 340, 396, 402, 488, 574, 665, 844, 907, 916, 941]
